3.991989e+002;4.874021e+001
4.011274e+002;4.872605e+001
4.030559e+002;4.863518e+001
4.049844e+002;4.879824e+001
4.069129e+002;4.883770e+001
4.088414e+002;4.871468e+001
4.107699e+002;4.843761e+001
4.126984e+002;4.805282e+001
4.146269e+002;4.771429e+001
4.165554e+002;4.757940e+001
4.184839e+002;4.751211e+001
4.204124e+002;4.721105e+001
4.223409e+002;4.683820e+001
4.242694e+002;4.661951e+001
4.261979e+002;4.620596e+001
4.281264e+002;4.587545e+001
4.300549e+002;4.545935e+001
4.319834e+002;4.497767e+001
4.339119e+002;4.451186e+001
4.358404e+002;4.406982e+001
4.377689e+002;4.361705e+001
4.396974e+002;4.315701e+001
4.416259e+002;4.257507e+001
4.435544e+002;4.218585e+001
4.454829e+002;4.173380e+001
4.474114e+002;4.113885e+001
4.493399e+002;4.061064e+001
4.512684e+002;4.024033e+001
4.531969e+002;3.983477e+001
4.551254e+002;3.960510e+001
4.570539e+002;3.948817e+001
4.589824e+002;3.945047e+001
4.609109e+002;3.947319e+001
4.628394e+002;3.961478e+001
4.647679e+002;3.995162e+001
4.666964e+002;4.046549e+001
4.686248e+002;4.113725e+001
4.705533e+002;4.194103e+001
4.724818e+002;4.274856e+001
4.744103e+002;4.363210e+001
4.763388e+002;4.443158e+001
4.782673e+002;4.517594e+001
4.801958e+002;4.575687e+001
4.821243e+002;4.624609e+001
4.840528e+002;4.664345e+001
4.859813e+002;4.695194e+001
4.879098e+002;4.719693e+001
4.898383e+002;4.741094e+001
4.917668e+002;4.752126e+001
4.936953e+002;4.764985e+001
4.956238e+002;4.772286e+001
4.975523e+002;4.770425e+001
4.994808e+002;4.768657e+001
5.014093e+002;4.766261e+001
5.033378e+002;4.755495e+001
5.052663e+002;4.741119e+001
5.071948e+002;4.721392e+001
5.091233e+002;4.692068e+001
5.110518e+002;4.656183e+001
5.129803e+002;4.623412e+001
5.149088e+002;4.630085e+001
5.168373e+002;4.677216e+001
5.187657e+002;4.716183e+001
5.206943e+002;4.731962e+001
5.226227e+002;4.737824e+001
5.245513e+002;4.743061e+001
5.264797e+002;4.747610e+001
5.284083e+002;4.747850e+001
5.303367e+002;4.742113e+001
5.322653e+002;4.734510e+001
5.341937e+002;4.725912e+001
5.361223e+002;4.715824e+001
5.380507e+002;4.706765e+001
5.399792e+002;4.700001e+001
5.419077e+002;4.686390e+001
5.438362e+002;4.666115e+001
5.457647e+002;4.648341e+001
5.476932e+002;4.632611e+001
5.496217e+002;4.614687e+001
5.515502e+002;4.594368e+001
5.534787e+002;4.576294e+001
5.554072e+002;4.558355e+001
5.573357e+002;4.539963e+001
5.592642e+002;4.520650e+001
5.611927e+002;4.498569e+001
5.631212e+002;4.475960e+001
5.650497e+002;4.454708e+001
5.669782e+002;4.444578e+001
5.689067e+002;4.455740e+001
5.708352e+002;4.482931e+001
5.727637e+002;4.500550e+001
5.746922e+002;4.504945e+001
5.766207e+002;4.495319e+001
5.785492e+002;4.477306e+001
5.804777e+002;4.453510e+001
5.824062e+002;4.424792e+001
5.843347e+002;4.386018e+001
5.862632e+002;4.335612e+001
5.881917e+002;4.274914e+001
5.901202e+002;4.201052e+001
5.920486e+002;4.111120e+001
5.939772e+002;4.008269e+001
5.959056e+002;3.890522e+001
5.978342e+002;3.752009e+001
5.997626e+002;3.579069e+001
6.016912e+002;3.389783e+001
6.036196e+002;3.239236e+001
6.055482e+002;3.124631e+001
6.074766e+002;3.016362e+001
6.094052e+002;2.931697e+001
6.113336e+002;2.923520e+001
6.132621e+002;2.970858e+001
6.151906e+002;2.998732e+001
6.171191e+002;3.004268e+001
6.190476e+002;3.007035e+001
6.209761e+002;3.029292e+001
6.229046e+002;3.141771e+001
6.248331e+002;3.392255e+001
6.267616e+002;3.718132e+001
6.286901e+002;4.041472e+001
6.306186e+002;4.263533e+001
6.325471e+002;4.361800e+001
6.344756e+002;4.391233e+001
6.364041e+002;4.401628e+001
6.383326e+002;4.406702e+001
6.402611e+002;4.412230e+001
6.421896e+002;4.420127e+001
6.441181e+002;4.431687e+001
6.460466e+002;4.442348e+001
6.479750e+002;4.450066e+001
6.499036e+002;4.458621e+001
6.518320e+002;4.469293e+001
6.537606e+002;4.480868e+001
6.556890e+002;4.491499e+001
6.576176e+002;4.501308e+001
6.595460e+002;4.513750e+001
6.614745e+002;4.527759e+001
6.634030e+002;4.543927e+001
6.653315e+002;4.560304e+001
6.672600e+002;4.575186e+001
6.691885e+002;4.591504e+001
6.711170e+002;4.607438e+001
6.730455e+002;4.622437e+001
6.749740e+002;4.638563e+001
6.769025e+002;4.655910e+001
6.788310e+002;4.673299e+001
6.807595e+002;4.687825e+001
6.826880e+002;4.700784e+001
6.846165e+002;4.712358e+001
6.865450e+002;4.725107e+001
6.884735e+002;4.741120e+001
6.904020e+002;4.759216e+001
6.923305e+002;4.778711e+001
6.942590e+002;4.800318e+001
6.961875e+002;4.824707e+001
6.981160e+002;4.847837e+001
7.000445e+002;4.863874e+001
7.019730e+002;4.873077e+001
7.039015e+002;4.876628e+001
7.058300e+002;4.873816e+001
7.077585e+002;4.862840e+001
7.096870e+002;4.841004e+001
7.116155e+002;4.805099e+001
7.135439e+002;4.755046e+001
7.154725e+002;4.702110e+001
7.174009e+002;4.661498e+001
7.193295e+002;4.630611e+001
7.212579e+002;4.602563e+001
7.231865e+002;4.574612e+001
7.251149e+002;4.547157e+001
7.270435e+002;4.520210e+001
7.289719e+002;4.496449e+001
7.309005e+002;4.473629e+001
7.328289e+002;4.450340e+001
7.347574e+002;4.428227e+001
7.366859e+002;4.408420e+001
7.386144e+002;4.396930e+001
7.405429e+002;4.408759e+001
7.424714e+002;4.441663e+001
7.443999e+002;4.476076e+001
7.463284e+002;4.502077e+001
7.482569e+002;4.520739e+001
7.501854e+002;4.534274e+001
7.521139e+002;4.544839e+001
7.540424e+002;4.554152e+001
7.559709e+002;4.562275e+001
7.578994e+002;4.569049e+001
7.598279e+002;4.573000e+001
7.617564e+002;4.574842e+001
7.636849e+002;4.575357e+001
7.656134e+002;4.573882e+001
7.675419e+002;4.570587e+001
7.694704e+002;4.565921e+001
7.713989e+002;4.558884e+001
7.733274e+002;4.548416e+001
7.752559e+002;4.535212e+001
7.771844e+002;4.521076e+001
7.791129e+002;4.507565e+001
7.810414e+002;4.495297e+001
7.829698e+002;4.484823e+001
7.848984e+002;4.475371e+001
7.868268e+002;4.466741e+001
7.887554e+002;4.458289e+001
7.906838e+002;4.452116e+001
7.926124e+002;4.451194e+001
7.945408e+002;4.457085e+001
7.964694e+002;4.472599e+001
7.983978e+002;4.497267e+001
8.003264e+002;4.509761e+001
8.022548e+002;4.497402e+001
8.041833e+002;4.476200e+001
8.061118e+002;4.456031e+001
8.080403e+002;4.439824e+001
8.099688e+002;4.428465e+001
8.118973e+002;4.420280e+001
8.138258e+002;4.411362e+001
8.157543e+002;4.404246e+001
8.176828e+002;4.404832e+001
8.196113e+002;4.413900e+001
8.215398e+002;4.430103e+001
8.234683e+002;4.451094e+001
8.253968e+002;4.475702e+001
8.273253e+002;4.504257e+001
8.292538e+002;4.536086e+001
8.311823e+002;4.567976e+001
8.331108e+002;4.594195e+001
8.350393e+002;4.613531e+001
8.369678e+002;4.626512e+001
8.388963e+002;4.634085e+001
8.408248e+002;4.636771e+001
8.427533e+002;4.636121e+001
8.446818e+002;4.635711e+001
8.466103e+002;4.637587e+001
8.485388e+002;4.641604e+001
8.504673e+002;4.644892e+001
8.523958e+002;4.645889e+001
8.543243e+002;4.644784e+001
8.562527e+002;4.640705e+001
8.581813e+002;4.632718e+001
8.601097e+002;4.621288e+001
8.620383e+002;4.608167e+001
8.639667e+002;4.596952e+001
8.658953e+002;4.588926e+001
8.678237e+002;4.581752e+001
8.697523e+002;4.573212e+001
8.716807e+002;4.563769e+001
8.736093e+002;4.554809e+001
8.755377e+002;4.545135e+001
8.774662e+002;4.534665e+001
8.793947e+002;4.524735e+001
8.813232e+002;4.515516e+001
8.832517e+002;4.507572e+001
8.851802e+002;4.502357e+001
8.871087e+002;4.500472e+001
8.890372e+002;4.500920e+001
8.909657e+002;4.502901e+001
8.928942e+002;4.505547e+001
8.948227e+002;4.510225e+001
8.967512e+002;4.516320e+001
8.986797e+002;4.523579e+001
9.006082e+002;4.532287e+001
9.025367e+002;4.541208e+001
9.044651e+002;4.549815e+001
9.063937e+002;4.558804e+001
9.083221e+002;4.568919e+001
9.102507e+002;4.581463e+001
9.121791e+002;4.597885e+001
9.141077e+002;4.616152e+001
9.160361e+002;4.632075e+001
9.179647e+002;4.644842e+001
9.198931e+002;4.654692e+001
9.218217e+002;4.663480e+001
9.237501e+002;4.672367e+001
9.256786e+002;4.680445e+001
9.276071e+002;4.687302e+001
9.295356e+002;4.694065e+001
9.314641e+002;4.698526e+001
9.333926e+002;4.701948e+001
9.353211e+002;4.705328e+001
9.372496e+002;4.707281e+001
9.391781e+002;4.708680e+001
9.411066e+002;4.709382e+001
9.430351e+002;4.706804e+001
9.449636e+002;4.701159e+001
9.468921e+002;4.694148e+001
9.488206e+002;4.686579e+001
9.507491e+002;4.679415e+001
9.526776e+002;4.673162e+001
9.546061e+002;4.667028e+001
9.565346e+002;4.660686e+001
9.584631e+002;4.653944e+001
9.603916e+002;4.647866e+001
9.623201e+002;4.643457e+001
9.642486e+002;4.640400e+001
9.661771e+002;4.638255e+001
9.681056e+002;4.636998e+001
9.700341e+002;4.635098e+001
9.719626e+002;4.633369e+001
9.738911e+002;4.632676e+001
9.758196e+002;4.632301e+001
9.777480e+002;4.632602e+001
9.796766e+002;4.633450e+001
9.816050e+002;4.633493e+001
9.835336e+002;4.632842e+001
9.854620e+002;4.631020e+001
9.873906e+002;4.628321e+001
9.893190e+002;4.624862e+001
9.912476e+002;4.619530e+001
9.931760e+002;4.611034e+001
9.951046e+002;4.599316e+001
9.970330e+002;4.583367e+001
9.989615e+002;4.563633e+001
1.000890e+003;4.541076e+001
1.002819e+003;4.514915e+001
1.004747e+003;4.484192e+001
1.006676e+003;4.448498e+001
1.008604e+003;4.406681e+001
1.010533e+003;4.359618e+001
1.012461e+003;4.308273e+001
1.014390e+003;4.252921e+001
1.016318e+003;4.193879e+001
1.018247e+003;4.130687e+001
1.020175e+003;4.062640e+001
1.022104e+003;3.991333e+001
1.024032e+003;3.917266e+001
1.025960e+003;3.841639e+001
1.027889e+003;3.766165e+001
1.029818e+003;3.691079e+001
1.031746e+003;3.615902e+001
1.033674e+003;3.541643e+001
1.035603e+003;3.468632e+001
1.037531e+003;3.397567e+001
1.039460e+003;3.329131e+001
1.041388e+003;3.263164e+001
1.043317e+003;3.199681e+001
1.045245e+003;3.139392e+001
1.047174e+003;3.081539e+001
1.049102e+003;3.026804e+001
1.051031e+003;2.975894e+001
1.052959e+003;2.928325e+001
1.054888e+003;2.884461e+001
1.056816e+003;2.844073e+001
1.058745e+003;2.806616e+001
1.060673e+003;2.772812e+001
1.062602e+003;2.742558e+001
1.064530e+003;2.716274e+001
1.066459e+003;2.693949e+001
1.068387e+003;2.674804e+001
1.070316e+003;2.658390e+001
1.072244e+003;2.645733e+001
1.074173e+003;2.636348e+001
1.076101e+003;2.630128e+001
1.078030e+003;2.627550e+001
1.079958e+003;2.628256e+001
1.081887e+003;2.632340e+001
1.083815e+003;2.640196e+001
1.085744e+003;2.651210e+001
1.087672e+003;2.665919e+001
1.089601e+003;2.685030e+001
1.091529e+003;2.709016e+001
1.093458e+003;2.739012e+001
1.095386e+003;2.776534e+001
1.097315e+003;2.822146e+001
1.099243e+003;2.877956e+001
1.101172e+003;2.945353e+001
1.103100e+003;3.024947e+001
1.105029e+003;3.117543e+001
1.106957e+003;3.222527e+001
1.108886e+003;3.337133e+001
1.110814e+003;3.459180e+001
1.112743e+003;3.585139e+001
1.114671e+003;3.711523e+001
1.116600e+003;3.835686e+001
1.118528e+003;3.954310e+001
1.120457e+003;4.064602e+001
1.122385e+003;4.165832e+001
1.124314e+003;4.256626e+001
1.126242e+003;4.336723e+001
1.128171e+003;4.406081e+001
1.130099e+003;4.463709e+001
1.132028e+003;4.510085e+001
1.133956e+003;4.546774e+001
1.135885e+003;4.574770e+001
1.137813e+003;4.596370e+001
1.139742e+003;4.613204e+001
1.141670e+003;4.626572e+001
1.143599e+003;4.638618e+001
1.145527e+003;4.649299e+001
1.147456e+003;4.658178e+001
1.149384e+003;4.665845e+001
1.151313e+003;4.672283e+001
1.153241e+003;4.677825e+001
1.155170e+003;4.683239e+001
1.157098e+003;4.688820e+001
1.159027e+003;4.694349e+001
1.160955e+003;4.700195e+001
1.162884e+003;4.705205e+001
1.164812e+003;4.709995e+001
1.166741e+003;4.715096e+001
1.168669e+003;4.720242e+001
1.170598e+003;4.726053e+001
1.172526e+003;4.732504e+001
1.174455e+003;4.738461e+001
1.176383e+003;4.744342e+001
1.178312e+003;4.749921e+001
1.180240e+003;4.754628e+001
1.182169e+003;4.762330e+001
1.184097e+003;4.770501e+001
1.186026e+003;4.777441e+001
1.187954e+003;4.784932e+001
1.189883e+003;4.791861e+001
1.191811e+003;4.798835e+001
1.193740e+003;4.806560e+001
1.195668e+003;4.814711e+001
1.197597e+003;4.822798e+001
1.199525e+003;4.831230e+001
1.201454e+003;4.838560e+001
1.203382e+003;4.845695e+001
1.205311e+003;4.852952e+001
1.207239e+003;4.860202e+001
1.209168e+003;4.867677e+001
1.211096e+003;4.875315e+001
1.213025e+003;4.881724e+001
1.214953e+003;4.887552e+001
1.216882e+003;4.892848e+001
1.218810e+003;4.897730e+001
1.220739e+003;4.902606e+001
1.222667e+003;4.907777e+001
1.224596e+003;4.912273e+001
1.226524e+003;4.916627e+001
1.228453e+003;4.920558e+001
1.230381e+003;4.924321e+001
1.232310e+003;4.928377e+001
1.234238e+003;4.932667e+001
1.236167e+003;4.936329e+001
1.238095e+003;4.939562e+001
1.240024e+003;4.941288e+001
1.241952e+003;4.942320e+001
1.243881e+003;4.943189e+001
1.245809e+003;4.943919e+001
1.247738e+003;4.944559e+001
1.249666e+003;4.945241e+001
1.251595e+003;4.944717e+001
1.253523e+003;4.943869e+001
1.255452e+003;4.943250e+001
1.257380e+003;4.943150e+001
1.259309e+003;4.944070e+001
1.261237e+003;4.946422e+001
1.263166e+003;4.948942e+001
1.265094e+003;4.952088e+001
1.267023e+003;4.955637e+001
1.268951e+003;4.959083e+001
1.270880e+003;4.962552e+001
1.272808e+003;4.965950e+001
1.274737e+003;4.968098e+001
1.276665e+003;4.969520e+001
1.278594e+003;4.969807e+001
1.280522e+003;4.969433e+001
1.282451e+003;4.969088e+001
1.284379e+003;4.968922e+001
1.286308e+003;4.968316e+001
1.288236e+003;4.967886e+001
1.290165e+003;4.966944e+001
1.292093e+003;4.965735e+001
1.294022e+003;4.964745e+001
1.295950e+003;4.964422e+001
1.297879e+003;4.964490e+001
1.299807e+003;4.965242e+001
1.301736e+003;4.965680e+001
1.303664e+003;4.966042e+001
1.305593e+003;4.966545e+001
1.307521e+003;4.967382e+001
1.309450e+003;4.968661e+001
1.311378e+003;4.970680e+001
1.313307e+003;4.972531e+001
1.315235e+003;4.974458e+001
1.317164e+003;4.976033e+001
1.319092e+003;4.977789e+001
1.321021e+003;4.979942e+001
1.322949e+003;4.982547e+001
1.324878e+003;4.984997e+001
1.326806e+003;4.987393e+001
1.328734e+003;4.988957e+001
1.330663e+003;4.990087e+001
1.332592e+003;4.991070e+001
1.334520e+003;4.992481e+001
1.336448e+003;4.993774e+001
1.338377e+003;4.994803e+001
1.340306e+003;4.994930e+001
1.342234e+003;4.994635e+001
1.344162e+003;4.993896e+001
1.346091e+003;4.993185e+001
1.348020e+003;4.992153e+001
1.349948e+003;4.991221e+001
1.351876e+003;4.989608e+001
1.353805e+003;4.987492e+001
1.355734e+003;4.985038e+001
1.357662e+003;4.982649e+001
1.359590e+003;4.980311e+001
1.361519e+003;4.978730e+001
1.363448e+003;4.976996e+001
1.365376e+003;4.975051e+001
1.367304e+003;4.972919e+001
1.369233e+003;4.970796e+001
1.371161e+003;4.968803e+001
1.373090e+003;4.967689e+001
1.375018e+003;4.966695e+001
1.376947e+003;4.965849e+001
1.378875e+003;4.964742e+001
1.380804e+003;4.963418e+001
1.382732e+003;4.962048e+001
1.384661e+003;4.961268e+001
1.386589e+003;4.960283e+001
1.388518e+003;4.960077e+001
1.390446e+003;4.959880e+001
1.392375e+003;4.958869e+001
1.394303e+003;4.957603e+001
1.396232e+003;4.956593e+001
1.398160e+003;4.955687e+001
1.400089e+003;4.955381e+001
1.402017e+003;4.954514e+001
1.403946e+003;4.953125e+001
1.405874e+003;4.951512e+001
1.407803e+003;4.949685e+001
1.409731e+003;4.947619e+001
1.411660e+003;4.946271e+001
1.413588e+003;4.944376e+001
1.415517e+003;4.941768e+001
1.417445e+003;4.938614e+001
1.419374e+003;4.934861e+001
1.421302e+003;4.931005e+001
1.423231e+003;4.927754e+001
1.425159e+003;4.923668e+001
1.427088e+003;4.919418e+001
1.429016e+003;4.914986e+001
1.430945e+003;4.909684e+001
1.432873e+003;4.904296e+001
1.434802e+003;4.898961e+001
1.436730e+003;4.893264e+001
1.438659e+003;4.890181e+001
1.440587e+003;4.886856e+001
1.442516e+003;4.882967e+001
1.444444e+003;4.879995e+001
1.446373e+003;4.877771e+001
1.448301e+003;4.876348e+001
1.450230e+003;4.877314e+001
1.452158e+003;4.878571e+001
1.454087e+003;4.880307e+001
1.456015e+003;4.883210e+001
1.457944e+003;4.886606e+001
1.459872e+003;4.890591e+001
1.461801e+003;4.895942e+001
1.463729e+003;4.900372e+001
1.465658e+003;4.905182e+001
1.467586e+003;4.910034e+001
1.469515e+003;4.913916e+001
1.471443e+003;4.917526e+001
1.473372e+003;4.922496e+001
1.475300e+003;4.926525e+001
1.477229e+003;4.930358e+001
1.479157e+003;4.933744e+001
1.481086e+003;4.936265e+001
1.483014e+003;4.938762e+001
1.484943e+003;4.941291e+001
1.486871e+003;4.943230e+001
1.488800e+003;4.945649e+001
1.490728e+003;4.947318e+001
1.492657e+003;4.948273e+001
1.494585e+003;4.949414e+001
1.496514e+003;4.950163e+001
1.498442e+003;4.950492e+001
1.500371e+003;4.951383e+001
1.502299e+003;4.951201e+001
1.504228e+003;4.950210e+001
1.506156e+003;4.950134e+001
1.508085e+003;4.950050e+001
1.510013e+003;4.949440e+001
1.511942e+003;4.949603e+001
1.513870e+003;4.948404e+001
1.515799e+003;4.947670e+001
1.517727e+003;4.946896e+001
1.519656e+003;4.945225e+001
1.521584e+003;4.943714e+001
1.523513e+003;4.943102e+001
1.525441e+003;4.941496e+001
1.527370e+003;4.940961e+001
1.529298e+003;4.939833e+001
1.531227e+003;4.937926e+001
1.533155e+003;4.936437e+001
1.535084e+003;4.935055e+001
1.537012e+003;4.932806e+001
1.538941e+003;4.931930e+001
1.540869e+003;4.930872e+001
1.542798e+003;4.929568e+001
1.544726e+003;4.928292e+001
1.546655e+003;4.926151e+001
1.548583e+003;4.924122e+001
1.550512e+003;4.923369e+001
1.552440e+003;4.921295e+001
1.554369e+003;4.919652e+001
1.556297e+003;4.917585e+001
1.558226e+003;4.914505e+001
1.560154e+003;4.912731e+001
1.562083e+003;4.912798e+001
1.564011e+003;4.911538e+001
1.565940e+003;4.910579e+001
1.567868e+003;4.908746e+001
1.569797e+003;4.906496e+001
1.571725e+003;4.904828e+001
1.573654e+003;4.902923e+001
1.575582e+003;4.900624e+001
1.577511e+003;4.899865e+001
1.579439e+003;4.898135e+001
1.581368e+003;4.896144e+001
1.583296e+003;4.894511e+001
1.585225e+003;4.892309e+001
1.587153e+003;4.890492e+001
1.589082e+003;4.889671e+001
1.591010e+003;4.887519e+001
1.592939e+003;4.885870e+001
1.594867e+003;4.884174e+001
1.596796e+003;4.881785e+001
1.598724e+003;4.880095e+001
1.600653e+003;4.878847e+001
1.602581e+003;4.876696e+001
1.604510e+003;4.875589e+001
1.606438e+003;4.873617e+001
1.608367e+003;4.871188e+001
1.610295e+003;4.869722e+001
1.612224e+003;4.868168e+001
1.614152e+003;4.866350e+001
1.616081e+003;4.865922e+001
1.618009e+003;4.863560e+001
1.619938e+003;4.861124e+001
1.621866e+003;4.859299e+001
1.623795e+003;4.857103e+001
1.625723e+003;4.855835e+001
1.627652e+003;4.855319e+001
1.629580e+003;4.853027e+001
1.631509e+003;4.851242e+001
1.633437e+003;4.849329e+001
1.635366e+003;4.847049e+001
1.637294e+003;4.845810e+001
1.639223e+003;4.845074e+001
1.641151e+003;4.842983e+001
1.643080e+003;4.841537e+001
1.645008e+003;4.838881e+001
1.646937e+003;4.836605e+001
1.648865e+003;4.835952e+001
1.650794e+003;4.834883e+001
1.652722e+003;4.832403e+001
1.654651e+003;4.831270e+001
1.656579e+003;4.829675e+001
1.658508e+003;4.827616e+001
1.660436e+003;4.826170e+001
1.662365e+003;4.824045e+001
1.664293e+003;4.822453e+001
1.666222e+003;4.821667e+001
1.668150e+003;4.819425e+001
1.670078e+003;4.817793e+001
1.672007e+003;4.816343e+001
1.673936e+003;4.813781e+001
1.675864e+003;4.812196e+001
1.677792e+003;4.811500e+001
1.679721e+003;4.809267e+001
1.681650e+003;4.807624e+001
1.683578e+003;4.804774e+001
1.685506e+003;4.802562e+001
1.687435e+003;4.802026e+001
1.689364e+003;4.800463e+001
1.691292e+003;4.797935e+001
1.693220e+003;4.796334e+001
1.695149e+003;4.793284e+001
1.697078e+003;4.790852e+001
1.699006e+003;4.788545e+001
1.700934e+003;4.785714e+001
1.702863e+003;4.784372e+001
1.704792e+003;4.782756e+001
1.706720e+003;4.779146e+001
1.708648e+003;4.776585e+001
1.710577e+003;4.774367e+001
1.712505e+003;4.771133e+001
1.714434e+003;4.768532e+001
1.716362e+003;4.765844e+001
1.718291e+003;4.763099e+001
1.720219e+003;4.762315e+001
1.722148e+003;4.760406e+001
1.724076e+003;4.758180e+001
1.726005e+003;4.757347e+001
1.727933e+003;4.756301e+001
1.729862e+003;4.754440e+001
1.731790e+003;4.753283e+001
1.733719e+003;4.751352e+001
1.735647e+003;4.750635e+001
1.737576e+003;4.750186e+001
1.739504e+003;4.748692e+001
1.741433e+003;4.747208e+001
1.743361e+003;4.746496e+001
1.745290e+003;4.743954e+001
1.747218e+003;4.742226e+001
1.749147e+003;4.740825e+001
1.751075e+003;4.738582e+001
1.753004e+003;4.736875e+001
1.754932e+003;4.735358e+001
1.756861e+003;4.732394e+001
1.758789e+003;4.730556e+001
1.760718e+003;4.728342e+001
1.762646e+003;4.725969e+001
1.764575e+003;4.724492e+001
1.766503e+003;4.722530e+001
1.768432e+003;4.719805e+001
1.770360e+003;4.718052e+001
1.772289e+003;4.715113e+001
1.774217e+003;4.712901e+001
1.776146e+003;4.711670e+001
1.778074e+003;4.709399e+001
1.780003e+003;4.706858e+001
1.781931e+003;4.705258e+001
1.783860e+003;4.702287e+001
1.785788e+003;4.700269e+001
1.787717e+003;4.698588e+001
1.789645e+003;4.695959e+001
1.791574e+003;4.694065e+001
1.793502e+003;4.692383e+001
1.795431e+003;4.689003e+001
1.797359e+003;4.686988e+001
1.799288e+003;4.684665e+001
1.801216e+003;4.682137e+001
1.803145e+003;4.680650e+001
1.805073e+003;4.678520e+001
1.807002e+003;4.675341e+001
1.808930e+003;4.673570e+001
1.810859e+003;4.670760e+001
1.812787e+003;4.668331e+001
1.814716e+003;4.666756e+001
1.816644e+003;4.664115e+001
1.818573e+003;4.661390e+001
1.820501e+003;4.659637e+001
1.822430e+003;4.656292e+001
1.824358e+003;4.653920e+001
1.826287e+003;4.652050e+001
1.828215e+003;4.649029e+001
1.830144e+003;4.646605e+001
1.832072e+003;4.644622e+001
1.834001e+003;4.641113e+001
1.835929e+003;4.639197e+001
1.837858e+003;4.636829e+001
1.839786e+003;4.633832e+001
1.841715e+003;4.631833e+001
1.843643e+003;4.629175e+001
1.845572e+003;4.625772e+001
1.847500e+003;4.624072e+001
1.849429e+003;4.621097e+001
1.851357e+003;4.618340e+001
1.853286e+003;4.616650e+001
1.855214e+003;4.613665e+001
1.857143e+003;4.610530e+001
1.859071e+003;4.608652e+001
1.861000e+003;4.605269e+001
1.862928e+003;4.602982e+001
1.864857e+003;4.600944e+001
1.866785e+003;4.597604e+001
1.868714e+003;4.595097e+001
1.870642e+003;4.593011e+001
1.872571e+003;4.589400e+001
1.874499e+003;4.587511e+001
1.876428e+003;4.585133e+001
1.878356e+003;4.582026e+001
1.880285e+003;4.580019e+001
1.882213e+003;4.577219e+001
1.884142e+003;4.573637e+001
1.886070e+003;4.571981e+001
1.887999e+003;4.568842e+001
1.889927e+003;4.565825e+001
1.891856e+003;4.563916e+001
1.893784e+003;4.560677e+001
1.895713e+003;4.557475e+001
1.897641e+003;4.555476e+001
1.899570e+003;4.551691e+001
1.901498e+003;4.549242e+001
1.903427e+003;4.546964e+001
1.905355e+003;4.543068e+001
1.907284e+003;4.539944e+001
1.909212e+003;4.537123e+001
1.911141e+003;4.532893e+001
1.913069e+003;4.530458e+001
1.914998e+003;4.527048e+001
1.916926e+003;4.522555e+001
1.918855e+003;4.519602e+001
1.920783e+003;4.515844e+001
1.922712e+003;4.510818e+001
1.924640e+003;4.507822e+001
1.926569e+003;4.503305e+001
1.928497e+003;4.498802e+001
1.930426e+003;4.495080e+001
1.932354e+003;4.489650e+001
1.934283e+003;4.484398e+001
1.936211e+003;4.480696e+001
1.938140e+003;4.474726e+001
1.940068e+003;4.469776e+001
1.941997e+003;4.465034e+001
1.943925e+003;4.458675e+001
1.945854e+003;4.453168e+001
1.947782e+003;4.447797e+001
1.949711e+003;4.440749e+001
1.951639e+003;4.435829e+001
1.953568e+003;4.429959e+001
1.955496e+003;4.422919e+001
1.957425e+003;4.417163e+001
1.959353e+003;4.410711e+001
1.961282e+003;4.403631e+001
1.963210e+003;4.398545e+001
1.965139e+003;4.391536e+001
1.967067e+003;4.384693e+001
1.968996e+003;4.379246e+001
1.970924e+003;4.372164e+001
1.972853e+003;4.365414e+001
1.974781e+003;4.360344e+001
1.976710e+003;4.353290e+001
1.978638e+003;4.347672e+001
1.980567e+003;4.342378e+001
1.982495e+003;4.335551e+001
1.984424e+003;4.330294e+001
1.986352e+003;4.325629e+001
1.988281e+003;4.319248e+001
1.990209e+003;4.315061e+001
1.992138e+003;4.310233e+001
1.994066e+003;4.304860e+001
1.995995e+003;4.301278e+001
1.997923e+003;4.296904e+001
1.999852e+003;4.292133e+001
2.001780e+003;4.289880e+001
2.003708e+003;4.285846e+001
2.005637e+003;4.282005e+001
2.007566e+003;4.279683e+001
2.009494e+003;4.276087e+001
2.011422e+003;4.273039e+001
2.013351e+003;4.271521e+001
2.015280e+003;4.267879e+001
2.017208e+003;4.265866e+001
2.019136e+003;4.264206e+001
2.021065e+003;4.260781e+001
2.022994e+003;4.258873e+001
2.024922e+003;4.257393e+001
2.026850e+003;4.254166e+001
2.028779e+003;4.252906e+001
2.030708e+003;4.250613e+001
2.032636e+003;4.247486e+001
2.034564e+003;4.246011e+001
2.036493e+003;4.243644e+001
2.038422e+003;4.240424e+001
2.040350e+003;4.239191e+001
2.042278e+003;4.236091e+001
2.044207e+003;4.233174e+001
2.046135e+003;4.231225e+001
2.048064e+003;4.227783e+001
2.049992e+003;4.224940e+001
2.051921e+003;4.223392e+001
2.053849e+003;4.219668e+001
2.055778e+003;4.216999e+001
2.057707e+003;4.214606e+001
2.059635e+003;4.211207e+001
2.061563e+003;4.209021e+001
2.063492e+003;4.206966e+001
2.065420e+003;4.203487e+001
2.067349e+003;4.201978e+001
2.069277e+003;4.199867e+001
2.071206e+003;4.197287e+001
2.073135e+003;4.196176e+001
2.075063e+003;4.194819e+001
2.076991e+003;4.192973e+001
2.078920e+003;4.192845e+001
2.080848e+003;4.191523e+001
2.082777e+003;4.190821e+001
2.084705e+003;4.191526e+001
2.086634e+003;4.191447e+001
2.088563e+003;4.191373e+001
2.090491e+003;4.192787e+001
2.092419e+003;4.193226e+001
2.094348e+003;4.194613e+001
2.096276e+003;4.196183e+001
2.098205e+003;4.197134e+001
2.100133e+003;4.199202e+001
2.102062e+003;4.201920e+001
2.103990e+003;4.202962e+001
2.105919e+003;4.205219e+001
2.107847e+003;4.207348e+001
2.109776e+003;4.209042e+001
2.111704e+003;4.211453e+001
2.113633e+003;4.213607e+001
2.115561e+003;4.214802e+001
2.117490e+003;4.217297e+001
2.119418e+003;4.218657e+001
2.121347e+003;4.219606e+001
2.123275e+003;4.221255e+001
2.125204e+003;4.222602e+001
2.127132e+003;4.223387e+001
2.129061e+003;4.224886e+001
2.130989e+003;4.224926e+001
2.132918e+003;4.225474e+001
2.134846e+003;4.226415e+001
2.136775e+003;4.226381e+001
2.138703e+003;4.226218e+001
2.140632e+003;4.226798e+001
2.142560e+003;4.225990e+001
2.144489e+003;4.225754e+001
2.146417e+003;4.225271e+001
2.148346e+003;4.224138e+001
2.150274e+003;4.223454e+001
2.152203e+003;4.222900e+001
2.154131e+003;4.220927e+001
2.156060e+003;4.219994e+001
2.157988e+003;4.218623e+001
2.159917e+003;4.216690e+001
2.161845e+003;4.215161e+001
2.163774e+003;4.213445e+001
2.165702e+003;4.210996e+001
2.167631e+003;4.209808e+001
2.169559e+003;4.207354e+001
2.171488e+003;4.204684e+001
2.173416e+003;4.202789e+001
2.175345e+003;4.200526e+001
2.177273e+003;4.197770e+001
2.179202e+003;4.195840e+001
2.181130e+003;4.192602e+001
2.183059e+003;4.190088e+001
2.184987e+003;4.188022e+001
2.186916e+003;4.184981e+001
2.188844e+003;4.182199e+001
2.190773e+003;4.180147e+001
2.192701e+003;4.176606e+001
2.194630e+003;4.174019e+001
2.196558e+003;4.171219e+001
2.198487e+003;4.167881e+001
2.200415e+003;4.165445e+001
2.202344e+003;4.162826e+001
2.204272e+003;4.158921e+001
2.206201e+003;4.156718e+001
2.208129e+003;4.153593e+001
2.210058e+003;4.150151e+001
2.211986e+003;4.147831e+001
2.213915e+003;4.144610e+001
2.215843e+003;4.140885e+001
2.217772e+003;4.138793e+001
2.219700e+003;4.134740e+001
2.221629e+003;4.131323e+001
2.223557e+003;4.129006e+001
2.225486e+003;4.125257e+001
2.227414e+003;4.122009e+001
2.229343e+003;4.119469e+001
2.231271e+003;4.114697e+001
2.233200e+003;4.112066e+001
2.235128e+003;4.109270e+001
2.237057e+003;4.104877e+001
2.238985e+003;4.102304e+001
2.240914e+003;4.099377e+001
2.242842e+003;4.094781e+001
2.244771e+003;4.092699e+001
2.246699e+003;4.088848e+001
2.248628e+003;4.084844e+001
2.250556e+003;4.082879e+001
2.252485e+003;4.078815e+001
2.254413e+003;4.074683e+001
2.256342e+003;4.072905e+001
2.258270e+003;4.068363e+001
2.260199e+003;4.065321e+001
2.262127e+003;4.063042e+001
2.264056e+003;4.058335e+001
2.265984e+003;4.055480e+001
2.267913e+003;4.053220e+001
2.269841e+003;4.048097e+001
2.271770e+003;4.045913e+001
2.273698e+003;4.042970e+001
2.275627e+003;4.038499e+001
2.277555e+003;4.036378e+001
2.279484e+003;4.032810e+001
2.281412e+003;4.028105e+001
2.283341e+003;4.026735e+001
2.285269e+003;4.022624e+001
2.287198e+003;4.018578e+001
2.289126e+003;4.016745e+001
2.291055e+003;4.012383e+001
2.292983e+003;4.008611e+001
2.294912e+003;4.006892e+001
2.296840e+003;4.001822e+001
2.298769e+003;3.999070e+001
2.300697e+003;3.996868e+001
2.302625e+003;3.991776e+001
2.304554e+003;3.988992e+001
2.306483e+003;3.986515e+001
2.308411e+003;3.981258e+001
2.310340e+003;3.979417e+001
2.312268e+003;3.976035e+001
2.314197e+003;3.971100e+001
2.316125e+003;3.969427e+001
2.318053e+003;3.965884e+001
2.319982e+003;3.960891e+001
2.321911e+003;3.959394e+001
2.323839e+003;3.955084e+001
2.325768e+003;3.951105e+001
2.327696e+003;3.949172e+001
2.329625e+003;3.944451e+001
2.331553e+003;3.940794e+001
2.333481e+003;3.939250e+001
2.335410e+003;3.934028e+001
2.337339e+003;3.931146e+001
2.339267e+003;3.928907e+001
2.341196e+003;3.923676e+001
2.343124e+003;3.921105e+001
2.345052e+003;3.918672e+001
2.346981e+003;3.913209e+001
2.348909e+003;3.911581e+001
2.350838e+003;3.908220e+001
2.352767e+003;3.903066e+001
2.354695e+003;3.901261e+001
2.356624e+003;3.897590e+001
2.358552e+003;3.892793e+001
2.360480e+003;3.891710e+001
2.362409e+003;3.887067e+001
2.364337e+003;3.882856e+001
2.366266e+003;3.881251e+001
2.368195e+003;3.876353e+001
2.370123e+003;3.872567e+001
2.372052e+003;3.871138e+001
2.373980e+003;3.865777e+001
2.375908e+003;3.863124e+001
2.377837e+003;3.860896e+001
2.379765e+003;3.855494e+001
2.381694e+003;3.853164e+001
2.383622e+003;3.850827e+001
2.385551e+003;3.845197e+001
2.387479e+003;3.843561e+001
2.389408e+003;3.840158e+001
2.391336e+003;3.835069e+001
2.393265e+003;3.833503e+001
2.395193e+003;3.829604e+001
2.397122e+003;3.824582e+001
2.399050e+003;3.823577e+001
2.400979e+003;3.818888e+001
2.402907e+003;3.814637e+001
2.404836e+003;3.813137e+001
2.406764e+003;3.808229e+001
2.408693e+003;3.804538e+001
2.410621e+003;3.803065e+001
2.412550e+003;3.797439e+001
2.414478e+003;3.794752e+001
2.416407e+003;3.792659e+001
2.418335e+003;3.787114e+001
2.420264e+003;3.784618e+001
2.422192e+003;3.782277e+001
2.424121e+003;3.776706e+001
2.426049e+003;3.774980e+001
2.427978e+003;3.771411e+001
2.429906e+003;3.766340e+001
2.431835e+003;3.764835e+001
2.433763e+003;3.760936e+001
2.435692e+003;3.755892e+001
2.437620e+003;3.754688e+001
2.439549e+003;3.749976e+001
2.441477e+003;3.745987e+001
2.443406e+003;3.744402e+001
2.445334e+003;3.739384e+001
2.447263e+003;3.735850e+001
2.449191e+003;3.734339e+001
2.451120e+003;3.728675e+001
2.453048e+003;3.726006e+001
2.454977e+003;3.723608e+001
2.456905e+003;3.718196e+001
2.458834e+003;3.715932e+001
2.460762e+003;3.713139e+001
2.462691e+003;3.707523e+001
2.464619e+003;3.706112e+001
2.466548e+003;3.702436e+001
2.468476e+003;3.697352e+001
2.470405e+003;3.695830e+001
2.472333e+003;3.691809e+001
2.474262e+003;3.687193e+001
2.476190e+003;3.685934e+001
2.478119e+003;3.680716e+001
2.480047e+003;3.677000e+001
2.481976e+003;3.675403e+001
2.483904e+003;3.670188e+001
2.485833e+003;3.666943e+001
2.487761e+003;3.665165e+001
2.489690e+003;3.659308e+001
2.491618e+003;3.657050e+001
2.493547e+003;3.654422e+001
2.495475e+003;3.648793e+001
2.497404e+003;3.646904e+001
2.499332e+003;3.643967e+001
2.501261e+003;3.638182e+001
2.503189e+003;3.636858e+001
2.505118e+003;3.632935e+001
2.507046e+003;3.628205e+001
2.508975e+003;3.626977e+001
2.510903e+003;3.622371e+001
2.512832e+003;3.617751e+001
2.514760e+003;3.616863e+001
2.516689e+003;3.611484e+001
2.518617e+003;3.607922e+001
2.520546e+003;3.606457e+001
2.522474e+003;3.600975e+001
2.524403e+003;3.597883e+001
2.526331e+003;3.596087e+001
2.528260e+003;3.589891e+001
2.530188e+003;3.587752e+001
2.532117e+003;3.585201e+001
2.534045e+003;3.579328e+001
2.535974e+003;3.577374e+001
2.537902e+003;3.574297e+001
2.539831e+003;3.568500e+001
2.541759e+003;3.567491e+001
2.543688e+003;3.563255e+001
2.545616e+003;3.558072e+001
2.547545e+003;3.557137e+001
2.549473e+003;3.552588e+001
2.551402e+003;3.547604e+001
2.553330e+003;3.546765e+001
2.555259e+003;3.541417e+001
2.557187e+003;3.537737e+001
2.559116e+003;3.536248e+001
2.561044e+003;3.530481e+001
2.562973e+003;3.527419e+001
2.564901e+003;3.525969e+001
2.566830e+003;3.519670e+001
2.568758e+003;3.517458e+001
2.570687e+003;3.515104e+001
2.572615e+003;3.509265e+001
2.574544e+003;3.507399e+001
2.576472e+003;3.504414e+001
2.578401e+003;3.498477e+001
2.580329e+003;3.497440e+001
2.582258e+003;3.493438e+001
2.584186e+003;3.488203e+001
2.586115e+003;3.486974e+001
2.588043e+003;3.482550e+001
2.589972e+003;3.477882e+001
2.591900e+003;3.476933e+001
2.593829e+003;3.471490e+001
2.595757e+003;3.467792e+001
2.597686e+003;3.466336e+001
2.599614e+003;3.460807e+001
2.601543e+003;3.457437e+001
2.603471e+003;3.455753e+001
2.605400e+003;3.450001e+001
2.607328e+003;3.447763e+001
2.609257e+003;3.444844e+001
2.611185e+003;3.439262e+001
2.613114e+003;3.437520e+001
2.615042e+003;3.434390e+001
2.616971e+003;3.428762e+001
2.618899e+003;3.427438e+001
2.620828e+003;3.423218e+001
2.622756e+003;3.418581e+001
2.624685e+003;3.417167e+001
2.626613e+003;3.412374e+001
2.628542e+003;3.408059e+001
2.630470e+003;3.407029e+001
2.632398e+003;3.401576e+001
2.634327e+003;3.398164e+001
2.636256e+003;3.396315e+001
2.638184e+003;3.390781e+001
2.640113e+003;3.388014e+001
2.642041e+003;3.385846e+001
2.643969e+003;3.379801e+001
2.645898e+003;3.378114e+001
2.647826e+003;3.375140e+001
2.649755e+003;3.369503e+001
2.651684e+003;3.367841e+001
2.653612e+003;3.364270e+001
2.655541e+003;3.358924e+001
2.657469e+003;3.357968e+001
2.659397e+003;3.353159e+001
2.661326e+003;3.348573e+001
2.663254e+003;3.347709e+001
2.665183e+003;3.342683e+001
2.667112e+003;3.338372e+001
2.669040e+003;3.337401e+001
2.670969e+003;3.331537e+001
2.672897e+003;3.328538e+001
2.674825e+003;3.326921e+001
2.676754e+003;3.320757e+001
2.678682e+003;3.318309e+001
2.680611e+003;3.316623e+001
2.682540e+003;3.310243e+001
2.684468e+003;3.308544e+001
2.686396e+003;3.305618e+001
2.688325e+003;3.299861e+001
2.690253e+003;3.298655e+001
2.692182e+003;3.295017e+001
2.694110e+003;3.289154e+001
2.696039e+003;3.288690e+001
2.697968e+003;3.284222e+001
2.699896e+003;3.279205e+001
2.701824e+003;3.278265e+001
2.703753e+003;3.273416e+001
2.705681e+003;3.269126e+001
2.707610e+003;3.268303e+001
2.709538e+003;3.262482e+001
2.711467e+003;3.259276e+001
2.713396e+003;3.257958e+001
2.715324e+003;3.252198e+001
2.717252e+003;3.249249e+001
2.719181e+003;3.247456e+001
2.721109e+003;3.241530e+001
2.723038e+003;3.239694e+001
2.724966e+003;3.236789e+001
2.726895e+003;3.231158e+001
2.728823e+003;3.229595e+001
2.730752e+003;3.226380e+001
2.732680e+003;3.220840e+001
2.734609e+003;3.219583e+001
2.736537e+003;3.215323e+001
2.738466e+003;3.211017e+001
2.740394e+003;3.209644e+001
2.742323e+003;3.204783e+001
2.744251e+003;3.200752e+001
2.746180e+003;3.199621e+001
2.748108e+003;3.194328e+001
2.750037e+003;3.191197e+001
2.751965e+003;3.189112e+001
2.753894e+003;3.183876e+001
2.755822e+003;3.181455e+001
2.757751e+003;3.178943e+001
2.759679e+003;3.173155e+001
2.761608e+003;3.171671e+001
2.763536e+003;3.168467e+001
2.765465e+003;3.163285e+001
2.767393e+003;3.161648e+001
2.769322e+003;3.157746e+001
2.771250e+003;3.153039e+001
2.773179e+003;3.152141e+001
2.775107e+003;3.147135e+001
2.777036e+003;3.143144e+001
2.778964e+003;3.141990e+001
2.780893e+003;3.136878e+001
2.782821e+003;3.133249e+001
2.784750e+003;3.131804e+001
2.786678e+003;3.126088e+001
2.788607e+003;3.123912e+001
2.790535e+003;3.121718e+001
2.792464e+003;3.115688e+001
2.794392e+003;3.113856e+001
2.796321e+003;3.111619e+001
2.798249e+003;3.105485e+001
2.800178e+003;3.104224e+001
2.802106e+003;3.100903e+001
2.804035e+003;3.095658e+001
2.805963e+003;3.094684e+001
2.807892e+003;3.090585e+001
2.809820e+003;3.085411e+001
2.811749e+003;3.085080e+001
2.813677e+003;3.080205e+001
2.815606e+003;3.075807e+001
2.817534e+003;3.074760e+001
2.819463e+003;3.069635e+001
2.821391e+003;3.066092e+001
2.823320e+003;3.065147e+001
2.825248e+003;3.059148e+001
2.827177e+003;3.056497e+001
2.829105e+003;3.054953e+001
2.831034e+003;3.049099e+001
2.832962e+003;3.046652e+001
2.834891e+003;3.044662e+001
2.836819e+003;3.039001e+001
2.838748e+003;3.037560e+001
2.840676e+003;3.034254e+001
2.842605e+003;3.028860e+001
2.844533e+003;3.027654e+001
2.846462e+003;3.024207e+001
2.848390e+003;3.019043e+001
2.850319e+003;3.017827e+001
2.852247e+003;3.013430e+001
2.854176e+003;3.009536e+001
2.856104e+003;3.008120e+001
2.858033e+003;3.003199e+001
2.859961e+003;2.999629e+001
2.861890e+003;2.998465e+001
2.863818e+003;2.993326e+001
2.865747e+003;2.990532e+001
2.867675e+003;2.988050e+001
2.869604e+003;2.983176e+001
2.871532e+003;2.981261e+001
2.873461e+003;2.978447e+001
2.875389e+003;2.972980e+001
2.877318e+003;2.971629e+001
2.879246e+003;2.968142e+001
2.881175e+003;2.963561e+001
2.883103e+003;2.961953e+001
2.885032e+003;2.957782e+001
2.886960e+003;2.953805e+001
2.888889e+003;2.952698e+001
2.890817e+003;2.947395e+001
2.892746e+003;2.944201e+001
2.894674e+003;2.943011e+001
2.896603e+003;2.937887e+001
2.898531e+003;2.934797e+001
2.900460e+003;2.933022e+001
2.902388e+003;2.927452e+001
2.904317e+003;2.925731e+001
2.906245e+003;2.923128e+001
2.908174e+003;2.917438e+001
2.910102e+003;2.916090e+001
2.912031e+003;2.913506e+001
2.913959e+003;2.907856e+001
2.915888e+003;2.906783e+001
2.917816e+003;2.902899e+001
2.919745e+003;2.898195e+001
2.921673e+003;2.897386e+001
2.923602e+003;2.892838e+001
2.925530e+003;2.888099e+001
2.927458e+003;2.887822e+001
2.929387e+003;2.882899e+001
2.931316e+003;2.879073e+001
2.933244e+003;2.877949e+001
2.935173e+003;2.872796e+001
2.937101e+003;2.869762e+001
2.939030e+003;2.868546e+001
2.940958e+003;2.862741e+001
2.942886e+003;2.860719e+001
2.944815e+003;2.859067e+001
2.946744e+003;2.853490e+001
2.948672e+003;2.851136e+001
2.950601e+003;2.848795e+001
2.952529e+003;2.843677e+001
2.954458e+003;2.842345e+001
2.956386e+003;2.838604e+001
2.958314e+003;2.833725e+001
2.960243e+003;2.832568e+001
2.962172e+003;2.828883e+001
2.964100e+003;2.824376e+001
2.966029e+003;2.823115e+001
2.967957e+003;2.818704e+001
2.969885e+003;2.815698e+001
2.971814e+003;2.814033e+001
2.973742e+003;2.809162e+001
2.975671e+003;2.806346e+001
2.977600e+003;2.804730e+001
2.979528e+003;2.799637e+001
2.981457e+003;2.797465e+001
2.983385e+003;2.794722e+001
2.985313e+003;2.790312e+001
2.987242e+003;2.788740e+001
2.989170e+003;2.785306e+001
2.991099e+003;2.780631e+001
2.993028e+003;2.779831e+001
2.994956e+003;2.775829e+001
2.996885e+003;2.771825e+001
2.998813e+003;2.770461e+001
3.000741e+003;2.766128e+001
3.002670e+003;2.762788e+001
3.004598e+003;2.761608e+001
3.006527e+003;2.756174e+001
3.008456e+003;2.753731e+001
3.010384e+003;2.752478e+001
3.012313e+003;2.747314e+001
3.014241e+003;2.744933e+001
3.016169e+003;2.742949e+001
3.018098e+003;2.737482e+001
3.020026e+003;2.736383e+001
3.021955e+003;2.733562e+001
3.023884e+003;2.728183e+001
3.025812e+003;2.727286e+001
3.027740e+003;2.724428e+001
3.029669e+003;2.719252e+001
3.031597e+003;2.718443e+001
3.033526e+003;2.714444e+001
3.035454e+003;2.710347e+001
3.037383e+003;2.709650e+001
3.039312e+003;2.705226e+001
3.041240e+003;2.701381e+001
3.043168e+003;2.700940e+001
3.045097e+003;2.695919e+001
3.047025e+003;2.692622e+001
3.048954e+003;2.691305e+001
3.050882e+003;2.686572e+001
3.052811e+003;2.684057e+001
3.054740e+003;2.682441e+001
3.056668e+003;2.677051e+001
3.058596e+003;2.675285e+001
3.060525e+003;2.673141e+001
3.062453e+003;2.668418e+001
3.064382e+003;2.666568e+001
3.066310e+003;2.663868e+001
3.068239e+003;2.659535e+001
3.070167e+003;2.658238e+001
3.072096e+003;2.654336e+001
3.074024e+003;2.650561e+001
3.075953e+003;2.649410e+001
3.077881e+003;2.645695e+001
3.079810e+003;2.642132e+001
3.081738e+003;2.640541e+001
3.083667e+003;2.636242e+001
3.085595e+003;2.633935e+001
3.087524e+003;2.631643e+001
3.089452e+003;2.627081e+001
3.091381e+003;2.625126e+001
3.093309e+003;2.622943e+001
3.095238e+003;2.618244e+001
3.097166e+003;2.616677e+001
3.099095e+003;2.613317e+001
3.101023e+003;2.609354e+001
3.102952e+003;2.608308e+001
3.104880e+003;2.604596e+001
3.106809e+003;2.600593e+001
3.108737e+003;2.599955e+001
3.110666e+003;2.595514e+001
3.112594e+003;2.592245e+001
3.114523e+003;2.591167e+001
3.116451e+003;2.586719e+001
3.118380e+003;2.584030e+001
3.120308e+003;2.582849e+001
3.122237e+003;2.577426e+001
3.124165e+003;2.575437e+001
3.126094e+003;2.573916e+001
3.128022e+003;2.568908e+001
3.129951e+003;2.567075e+001
3.131879e+003;2.565097e+001
3.133808e+003;2.560126e+001
3.135736e+003;2.559150e+001
3.137665e+003;2.556230e+001
3.139593e+003;2.551539e+001
3.141522e+003;2.550584e+001
3.143450e+003;2.547547e+001
3.145379e+003;2.543110e+001
3.147307e+003;2.542255e+001
3.149236e+003;2.538491e+001
3.151164e+003;2.535185e+001
3.153093e+003;2.534136e+001
3.155021e+003;2.529986e+001
3.156950e+003;2.526653e+001
3.158878e+003;2.525640e+001
3.160807e+003;2.521411e+001
3.162735e+003;2.518866e+001
3.164664e+003;2.516863e+001
3.166592e+003;2.512718e+001
3.168521e+003;2.510683e+001
3.170449e+003;2.508565e+001
3.172378e+003;2.504229e+001
3.174306e+003;2.502640e+001
3.176235e+003;2.499788e+001
3.178163e+003;2.496182e+001
3.180092e+003;2.494506e+001
3.182020e+003;2.491219e+001
3.183949e+003;2.487951e+001
3.185877e+003;2.486737e+001
3.187806e+003;2.482696e+001
3.189734e+003;2.479935e+001
3.191663e+003;2.478139e+001
3.193591e+003;2.474193e+001
3.195520e+003;2.472024e+001
3.197448e+003;2.470222e+001
3.199377e+003;2.465794e+001
3.201305e+003;2.464392e+001
3.203234e+003;2.461899e+001
3.205162e+003;2.457632e+001
3.207091e+003;2.456406e+001
3.209019e+003;2.453745e+001
3.210948e+003;2.449509e+001
3.212876e+003;2.448586e+001
3.214805e+003;2.444849e+001
3.216733e+003;2.441301e+001
3.218662e+003;2.440552e+001
3.220590e+003;2.436849e+001
3.222519e+003;2.433436e+001
3.224447e+003;2.432913e+001
3.226376e+003;2.428719e+001
3.228304e+003;2.425883e+001
3.230233e+003;2.424633e+001
3.232161e+003;2.420549e+001
3.234090e+003;2.418271e+001
3.236018e+003;2.416993e+001
3.237947e+003;2.412356e+001
3.239875e+003;2.410577e+001
3.241804e+003;2.408674e+001
3.243732e+003;2.404533e+001
3.245661e+003;2.402858e+001
3.247589e+003;2.400628e+001
3.249518e+003;2.396432e+001
3.251446e+003;2.395325e+001
3.253375e+003;2.392569e+001
3.255303e+003;2.388804e+001
3.257232e+003;2.387280e+001
3.259160e+003;2.384477e+001
3.261089e+003;2.381186e+001
3.263017e+003;2.379758e+001
3.264946e+003;2.376133e+001
3.266874e+003;2.373653e+001
3.268802e+003;2.372024e+001
3.270731e+003;2.368558e+001
3.272660e+003;2.365998e+001
3.274588e+003;2.363980e+001
3.276517e+003;2.360413e+001
3.278445e+003;2.358746e+001
3.280374e+003;2.356057e+001
3.282302e+003;2.352747e+001
3.284230e+003;2.351143e+001
3.286159e+003;2.348327e+001
3.288088e+003;2.345015e+001
3.290016e+003;2.343798e+001
3.291945e+003;2.340430e+001
3.293873e+003;2.337940e+001
3.295802e+003;2.336418e+001
3.297730e+003;2.332608e+001
3.299658e+003;2.330254e+001
3.301587e+003;2.329049e+001
3.303516e+003;2.325003e+001
3.305444e+003;2.323240e+001
3.307373e+003;2.321423e+001
3.309301e+003;2.317436e+001
3.311229e+003;2.315751e+001
3.313158e+003;2.313763e+001
3.315086e+003;2.309623e+001
3.317015e+003;2.308653e+001
3.318944e+003;2.306220e+001
3.320872e+003;2.302503e+001
3.322801e+003;2.301296e+001
3.324729e+003;2.298649e+001
3.326657e+003;2.295078e+001
3.328586e+003;2.294249e+001
3.330514e+003;2.290872e+001
3.332443e+003;2.287850e+001
3.334372e+003;2.286877e+001
3.336300e+003;2.283759e+001
3.338229e+003;2.280788e+001
3.340157e+003;2.279604e+001
3.342085e+003;2.276125e+001
3.344014e+003;2.273931e+001
3.345942e+003;2.272189e+001
3.347871e+003;2.268792e+001
3.349800e+003;2.266766e+001
3.351728e+003;2.265108e+001
3.353656e+003;2.261613e+001
3.355585e+003;2.259800e+001
3.357513e+003;2.257594e+001
3.359442e+003;2.254826e+001
3.361370e+003;2.252862e+001
3.363299e+003;2.250093e+001
3.365228e+003;2.247284e+001
3.367156e+003;2.246138e+001
3.369084e+003;2.243266e+001
3.371013e+003;2.240589e+001
3.372941e+003;2.238622e+001
3.374870e+003;2.235931e+001
3.376798e+003;2.233822e+001
3.378727e+003;2.231723e+001
3.380656e+003;2.228318e+001
3.382584e+003;2.226988e+001
3.384512e+003;2.224868e+001
3.386441e+003;2.221646e+001
3.388369e+003;2.219812e+001
3.390298e+003;2.217518e+001
3.392226e+003;2.214769e+001
3.394155e+003;2.213559e+001
3.396083e+003;2.210281e+001
3.398012e+003;2.207780e+001
3.399940e+003;2.206934e+001
3.401869e+003;2.203889e+001
3.403797e+003;2.200810e+001
3.405726e+003;2.199619e+001
3.407654e+003;2.196509e+001
3.409583e+003;2.194555e+001
3.411511e+003;2.192879e+001
3.413440e+003;2.189360e+001
3.415368e+003;2.187513e+001
3.417297e+003;2.186415e+001
3.419225e+003;2.182681e+001
3.421154e+003;2.180672e+001
3.423082e+003;2.178961e+001
3.425011e+003;2.176282e+001
3.426939e+003;2.174575e+001
3.428868e+003;2.172249e+001
3.430796e+003;2.168973e+001
3.432725e+003;2.167904e+001
3.434653e+003;2.165770e+001
3.436582e+003;2.162827e+001
3.438510e+003;2.160975e+001
3.440439e+003;2.158867e+001
3.442367e+003;2.156313e+001
3.444296e+003;2.154434e+001
3.446224e+003;2.151494e+001
3.448153e+003;2.149686e+001
3.450081e+003;2.147988e+001
3.452010e+003;2.145279e+001
3.453938e+003;2.142971e+001
3.455867e+003;2.141294e+001
3.457795e+003;2.138948e+001
3.459724e+003;2.137201e+001
3.461652e+003;2.134309e+001
3.463581e+003;2.131949e+001
3.465509e+003;2.130663e+001
3.467438e+003;2.128379e+001
3.469366e+003;2.125657e+001
3.471295e+003;2.124032e+001
3.473223e+003;2.121525e+001
3.475152e+003;2.119770e+001
3.477080e+003;2.117793e+001
3.479009e+003;2.114902e+001
3.480937e+003;2.113246e+001
3.482866e+003;2.111865e+001
3.484794e+003;2.108682e+001
3.486723e+003;2.106822e+001
3.488651e+003;2.104759e+001
3.490580e+003;2.102416e+001
3.492508e+003;2.100970e+001
3.494437e+003;2.098604e+001
3.496365e+003;2.095535e+001
3.498294e+003;2.094794e+001
3.500222e+003;2.092697e+001
3.502151e+003;2.089858e+001
3.504079e+003;2.088063e+001
3.506008e+003;2.086000e+001
3.507936e+003;2.083789e+001
3.509865e+003;2.082355e+001
3.511793e+003;2.079434e+001
3.513722e+003;2.077435e+001
3.515650e+003;2.076228e+001
3.517579e+003;2.073864e+001
3.519507e+003;2.071338e+001
3.521436e+003;2.069646e+001
3.523364e+003;2.067390e+001
3.525293e+003;2.065685e+001
3.527221e+003;2.063326e+001
3.529150e+003;2.060817e+001
3.531078e+003;2.059117e+001
3.533007e+003;2.057501e+001
3.534935e+003;2.055153e+001
3.536864e+003;2.053095e+001
3.538792e+003;2.051109e+001
3.540721e+003;2.049679e+001
3.542649e+003;2.047528e+001
3.544578e+003;2.044883e+001
3.546506e+003;2.042970e+001
3.548435e+003;2.041521e+001
3.550363e+003;2.039203e+001
3.552292e+003;2.037337e+001
3.554220e+003;2.034990e+001
3.556149e+003;2.033174e+001
3.558077e+003;2.031723e+001
3.560006e+003;2.029354e+001
3.561934e+003;2.026835e+001
3.563863e+003;2.025881e+001
3.565791e+003;2.023688e+001
3.567720e+003;2.021543e+001
3.569648e+003;2.019544e+001
3.571577e+003;2.017272e+001
3.573505e+003;2.015684e+001
3.575434e+003;2.014232e+001
3.577362e+003;2.011333e+001
3.579291e+003;2.009787e+001
3.581219e+003;2.008477e+001
3.583148e+003;2.006221e+001
3.585076e+003;2.003979e+001
3.587005e+003;2.002135e+001
3.588933e+003;2.000124e+001
3.590862e+003;1.998869e+001
3.592790e+003;1.996475e+001
3.594719e+003;1.994058e+001
3.596647e+003;1.992730e+001
3.598576e+003;1.991207e+001
3.600504e+003;1.988808e+001
3.602433e+003;1.986882e+001
3.604361e+003;1.984905e+001
3.606290e+003;1.983610e+001
3.608218e+003;1.981661e+001
3.610146e+003;1.979186e+001
3.612075e+003;1.977254e+001
3.614004e+003;1.975986e+001
3.615932e+003;1.974014e+001
3.617861e+003;1.972136e+001
3.619789e+003;1.969705e+001
3.621718e+003;1.968328e+001
3.623646e+003;1.967178e+001
3.625574e+003;1.964655e+001
3.627503e+003;1.962101e+001
3.629432e+003;1.961036e+001
3.631360e+003;1.959274e+001
3.633289e+003;1.957666e+001
3.635217e+003;1.955521e+001
3.637146e+003;1.953273e+001
3.639074e+003;1.952289e+001
3.641002e+003;1.950839e+001
3.642931e+003;1.947830e+001
3.644860e+003;1.946522e+001
3.646788e+003;1.945061e+001
3.648717e+003;1.943014e+001
3.650645e+003;1.941323e+001
3.652573e+003;1.939022e+001
3.654502e+003;1.936963e+001
3.656430e+003;1.936415e+001
3.658359e+003;1.933990e+001
3.660288e+003;1.931596e+001
3.662216e+003;1.930523e+001
3.664145e+003;1.928910e+001
3.666073e+003;1.927087e+001
3.668001e+003;1.925302e+001
3.669930e+003;1.922545e+001
3.671858e+003;1.921869e+001
3.673787e+003;1.920503e+001
3.675716e+003;1.917723e+001
3.677644e+003;1.916183e+001
3.679573e+003;1.915187e+001
3.681501e+003;1.913212e+001
3.683429e+003;1.911802e+001
3.685358e+003;1.909186e+001
3.687286e+003;1.907223e+001
3.689215e+003;1.906721e+001
3.691144e+003;1.904642e+001
3.693072e+003;1.902148e+001
3.695000e+003;1.901324e+001
3.696929e+003;1.899451e+001
3.698857e+003;1.898150e+001
3.700786e+003;1.896438e+001
3.702714e+003;1.893923e+001
3.704643e+003;1.893043e+001
3.706572e+003;1.892190e+001
3.708500e+003;1.889181e+001
3.710428e+003;1.887840e+001
3.712357e+003;1.886624e+001
3.714285e+003;1.884791e+001
3.716214e+003;1.883465e+001
3.718142e+003;1.881138e+001
3.720071e+003;1.878941e+001
3.722000e+003;1.878938e+001
3.723928e+003;1.876626e+001
3.725856e+003;1.874020e+001
3.727785e+003;1.872929e+001
3.729713e+003;1.871121e+001
3.731642e+003;1.869338e+001
3.733570e+003;1.867947e+001
3.735499e+003;1.864946e+001
3.737427e+003;1.864511e+001
3.739356e+003;1.864135e+001
3.741284e+003;1.861629e+001
3.743213e+003;1.860236e+001
3.745141e+003;1.859620e+001
3.747070e+003;1.857858e+001
3.748998e+003;1.857190e+001
3.750927e+003;1.854892e+001
3.752855e+003;1.853093e+001
3.754784e+003;1.853417e+001
3.756712e+003;1.851626e+001
3.758641e+003;1.848902e+001
3.760569e+003;1.848254e+001
3.762498e+003;1.846377e+001
3.764426e+003;1.845174e+001
3.766355e+003;1.844115e+001
3.768283e+003;1.841119e+001
3.770212e+003;1.840226e+001
3.772140e+003;1.840143e+001
3.774069e+003;1.836995e+001
3.775997e+003;1.835741e+001
3.777926e+003;1.834644e+001
3.779854e+003;1.832490e+001
3.781783e+003;1.832034e+001
3.783711e+003;1.830210e+001
3.785640e+003;1.827302e+001
3.787568e+003;1.827693e+001
3.789497e+003;1.825970e+001
3.791425e+003;1.823263e+001
3.793354e+003;1.822849e+001
3.795282e+003;1.821187e+001
3.797211e+003;1.819404e+001
3.799139e+003;1.818834e+001
3.801068e+003;1.815639e+001
3.802996e+003;1.814646e+001
3.804925e+003;1.814631e+001
3.806853e+003;1.811721e+001
3.808782e+003;1.810132e+001
3.810710e+003;1.809748e+001
3.812639e+003;1.807543e+001
3.814567e+003;1.806938e+001
3.816496e+003;1.805084e+001
3.818424e+003;1.802541e+001
3.820353e+003;1.802482e+001
3.822281e+003;1.801060e+001
3.824210e+003;1.798174e+001
3.826138e+003;1.797812e+001
3.828067e+003;1.796103e+001
3.829995e+003;1.794765e+001
3.831924e+003;1.794091e+001
3.833852e+003;1.791024e+001
3.835781e+003;1.789874e+001
3.837709e+003;1.790273e+001
3.839638e+003;1.787321e+001
3.841566e+003;1.786104e+001
3.843495e+003;1.785384e+001
3.845423e+003;1.783039e+001
3.847352e+003;1.782835e+001
3.849280e+003;1.781263e+001
3.851209e+003;1.777620e+001
3.853137e+003;1.778291e+001
3.855066e+003;1.777273e+001
3.856994e+003;1.774281e+001
3.858923e+003;1.774208e+001
3.860851e+003;1.772570e+001
3.862780e+003;1.770543e+001
3.864708e+003;1.771022e+001
3.866637e+003;1.767834e+001
3.868565e+003;1.766031e+001
3.870494e+003;1.766986e+001
3.872422e+003;1.764173e+001
3.874351e+003;1.762179e+001
3.876279e+003;1.762470e+001
3.878208e+003;1.759803e+001
3.880136e+003;1.759348e+001
3.882065e+003;1.758505e+001
3.883993e+003;1.754992e+001
3.885922e+003;1.755006e+001
3.887850e+003;1.754694e+001
3.889779e+003;1.751269e+001
3.891707e+003;1.751113e+001
3.893636e+003;1.749932e+001
3.895564e+003;1.748064e+001
3.897493e+003;1.748111e+001
3.899421e+003;1.745286e+001
3.901350e+003;1.743235e+001
3.903278e+003;1.744366e+001
3.905207e+003;1.741852e+001
3.907135e+003;1.740120e+001
3.909064e+003;1.739882e+001
3.910992e+003;1.737694e+001
3.912921e+003;1.737352e+001
3.914849e+003;1.736478e+001
3.916778e+003;1.732659e+001
3.918706e+003;1.733240e+001
3.920635e+003;1.732762e+001
3.922563e+003;1.729424e+001
3.924492e+003;1.729058e+001
3.926420e+003;1.727774e+001
3.928349e+003;1.725718e+001
3.930277e+003;1.726647e+001
3.932206e+003;1.723699e+001
3.934134e+003;1.721538e+001
3.936063e+003;1.722937e+001
3.937991e+003;1.720344e+001
3.939920e+003;1.718139e+001
3.941848e+003;1.718791e+001
3.943777e+003;1.715978e+001
3.945705e+003;1.715646e+001
3.947634e+003;1.715605e+001
3.949562e+003;1.711443e+001
3.951490e+003;1.711376e+001
3.953419e+003;1.712115e+001
3.955348e+003;1.708364e+001
3.957276e+003;1.708039e+001
3.959205e+003;1.707161e+001
3.961133e+003;1.704615e+001
3.963062e+003;1.705370e+001
3.964990e+003;1.703301e+001
3.966918e+003;1.700073e+001
3.968847e+003;1.701924e+001
3.970776e+003;1.700108e+001
3.972704e+003;1.697330e+001
3.974633e+003;1.697593e+001
3.976561e+003;1.695554e+001
3.978490e+003;1.694735e+001
3.980418e+003;1.695171e+001
3.982346e+003;1.691251e+001
3.984275e+003;1.690784e+001
3.986204e+003;1.691452e+001
3.988132e+003;1.688301e+001
3.990061e+003;1.687616e+001
3.991989e+003;1.686978e+001
3.993917e+003;1.684436e+001
3.995846e+003;1.685404e+001
3.997774e+003;1.683241e+001
3.999703e+003;1.680309e+001
4.001632e+003;0.000000e+000
